
================================================================================
 ANALYSIS STARTED: 2025-04-12 01:00:39
================================================================================

Connected to Postgres successfully.
Index-level data fetched from original version: shape = (3143, 12)
Index-level data fetched from improved version: shape = (3143, 12)
8 null in census_division, filling with 'Unknown'.
Created 9 division dummies from census_division
8 null in census_division, filling with 'Unknown'.
Created 9 division dummies from census_division

Diagnosing Index-Level (Original): shape=(3143, 21)
  county_fips: object, 0 nulls
  iv1_public_health_policy: int64, 0 nulls
  iv2_physical_environment: float64, 0 nulls
  iv3_health_behaviors: float64, 0 nulls
  iv4_social_economic: float64, 0 nulls
  mo1_genai_cap: float64, 0 nulls
  mo2_robotics_cap: float64, 0 nulls
  dv1_healthcare_access: float64, 0 nulls
  dv2_healthcare_quality: float64, 0 nulls
  dv3_operational_eff: float64, 1010 nulls
  population: object, 8 nulls
  census_division: object, 0 nulls
  div_2: int64, 0 nulls
  div_3: int64, 0 nulls
  div_4: int64, 0 nulls
  div_5: int64, 0 nulls
  div_6: int64, 0 nulls
  div_7: int64, 0 nulls
  div_8: int64, 0 nulls
  div_9: int64, 0 nulls
  div_Unknown: int64, 0 nulls

Diagnosing Index-Level (Improved): shape=(3143, 21)
  county_fips: object, 0 nulls
  iv1_public_health_policy: int64, 0 nulls
  iv2_physical_environment: float64, 0 nulls
  iv3_health_behaviors: float64, 0 nulls
  iv4_social_economic: float64, 0 nulls
  mo1_genai_cap: float64, 0 nulls
  mo2_robotics_cap: float64, 0 nulls
  dv1_healthcare_access: float64, 0 nulls
  dv2_healthcare_quality: float64, 0 nulls
  dv3_operational_eff: float64, 1010 nulls
  population: object, 8 nulls
  census_division: object, 0 nulls
  div_2: int64, 0 nulls
  div_3: int64, 0 nulls
  div_4: int64, 0 nulls
  div_5: int64, 0 nulls
  div_6: int64, 0 nulls
  div_7: int64, 0 nulls
  div_8: int64, 0 nulls
  div_9: int64, 0 nulls
  div_Unknown: int64, 0 nulls

--------------------------------------------------------------------------------
 PART A: INDEX-LEVEL MODELS (Original)
--------------------------------------------------------------------------------

..... Analyzing DV: dv1_healthcare_access (Original) .....
Stepwise final model for DV=dv1_healthcare_access => R²=0.2962 (initial=0.2968), Condition#=inf
Kept predictors: ['iv2_physical_environment', 'iv4_social_economic', 'mo2_robotics_cap', 'population', 'div_2', 'div_3', 'div_4', 'div_5', 'div_6', 'div_7', 'div_9', 'div_Unknown']
Removed predictors: ['div_8', 'iv3_health_behaviors', 'iv1_public_health_policy', 'mo1_genai_cap']
Testing 66 interactions for DV=dv1_healthcare_access among stepwise-kept predictors.
Interaction iv2_physical_environment×iv4_social_economic: ΔR²=0.0001, f²=0.0001, p=5.6432e-01
Interaction iv2_physical_environment×mo2_robotics_cap: ΔR²=0.0059, f²=0.0085, p=2.8973e-07
Interaction iv2_physical_environment×population: ΔR²=0.0002, f²=0.0003, p=3.0998e-01
Interaction iv2_physical_environment×div_2: ΔR²=0.0028, f²=0.0040, p=4.3088e-04
Interaction iv2_physical_environment×div_3: ΔR²=0.0005, f²=0.0007, p=1.4866e-01
Interaction iv2_physical_environment×div_4: ΔR²=0.0002, f²=0.0003, p=3.4033e-01
Interaction iv2_physical_environment×div_5: ΔR²=0.0014, f²=0.0019, p=1.3918e-02
Interaction iv2_physical_environment×div_6: ΔR²=0.0057, f²=0.0081, p=5.1748e-07
Interaction iv2_physical_environment×div_7: ΔR²=0.0026, f²=0.0037, p=6.3141e-04
Interaction iv2_physical_environment×div_9: ΔR²=0.0010, f²=0.0015, p=3.3041e-02
Interaction iv2_physical_environment×div_Unknown: ΔR²=0.0000, f²=0.0000, p=4.4391e-04
Interaction iv4_social_economic×mo2_robotics_cap: ΔR²=0.0011, f²=0.0016, p=2.3985e-02
Interaction iv4_social_economic×population: ΔR²=0.0067, f²=0.0096, p=5.0029e-08
Interaction iv4_social_economic×div_2: ΔR²=0.0008, f²=0.0012, p=5.6758e-02
Interaction iv4_social_economic×div_3: ΔR²=0.0000, f²=0.0000, p=7.0321e-01
Interaction iv4_social_economic×div_4: ΔR²=0.0006, f²=0.0009, p=9.0853e-02
Interaction iv4_social_economic×div_5: ΔR²=0.0013, f²=0.0018, p=1.7049e-02
Interaction iv4_social_economic×div_6: ΔR²=0.0000, f²=0.0000, p=8.4186e-01
Interaction iv4_social_economic×div_7: ΔR²=0.0016, f²=0.0023, p=7.2471e-03
Interaction iv4_social_economic×div_9: ΔR²=0.0024, f²=0.0034, p=1.0481e-03
Interaction iv4_social_economic×div_Unknown: ΔR²=0.0000, f²=0.0000, p=4.4391e-04
Interaction mo2_robotics_cap×population: ΔR²=0.0027, f²=0.0038, p=5.6760e-04
Interaction mo2_robotics_cap×div_2: ΔR²=0.0001, f²=0.0001, p=5.1182e-01
Interaction mo2_robotics_cap×div_3: ΔR²=0.0000, f²=0.0000, p=8.9859e-01
Interaction mo2_robotics_cap×div_4: ΔR²=0.0001, f²=0.0001, p=5.0310e-01
Interaction mo2_robotics_cap×div_5: ΔR²=0.0021, f²=0.0030, p=2.1512e-03
Interaction mo2_robotics_cap×div_6: ΔR²=0.0000, f²=0.0000, p=7.6047e-01
Interaction mo2_robotics_cap×div_7: ΔR²=0.0006, f²=0.0009, p=9.3933e-02
Interaction mo2_robotics_cap×div_9: ΔR²=0.0003, f²=0.0005, p=2.2651e-01
Interaction mo2_robotics_cap×div_Unknown: ΔR²=0.0000, f²=0.0000, p=1.3260e-10
Interaction population×div_2: ΔR²=0.0001, f²=0.0002, p=4.4654e-01
Interaction population×div_3: ΔR²=0.0015, f²=0.0021, p=1.0611e-02
Interaction population×div_4: ΔR²=0.0002, f²=0.0003, p=3.4561e-01
Interaction population×div_5: ΔR²=0.0079, f²=0.0113, p=2.9540e-09
Interaction population×div_6: ΔR²=0.0002, f²=0.0003, p=3.3544e-01
Interaction population×div_7: ΔR²=0.0002, f²=0.0003, p=3.0890e-01
Interaction population×div_9: ΔR²=0.0024, f²=0.0034, p=1.1127e-03
Interaction population×div_Unknown: ΔR²=0.0000, f²=0.0000, p=8.7501e-04
Interaction div_2×div_3: ΔR²=0.0000, f²=0.0000, p=4.7617e-04
Interaction div_2×div_4: ΔR²=0.0000, f²=0.0000, p=2.7348e-01
Interaction div_2×div_5: ΔR²=0.0000, f²=0.0000, p=4.7617e-04
Interaction div_2×div_6: ΔR²=0.0000, f²=0.0000, p=8.7501e-04
Interaction div_2×div_7: ΔR²=0.0000, f²=0.0000, p=8.7501e-04
Interaction div_2×div_9: ΔR²=0.0000, f²=0.0000, p=4.7617e-04
Interaction div_2×div_Unknown: ΔR²=0.0000, f²=0.0000, p=4.7617e-04
Interaction div_3×div_4: ΔR²=0.0000, f²=0.0000, p=2.7348e-01
Interaction div_3×div_5: ΔR²=0.0000, f²=0.0000, p=2.7684e-07
Interaction div_3×div_6: ΔR²=0.0000, f²=0.0000, p=9.2259e-04
Interaction div_3×div_7: ΔR²=0.0000, f²=0.0000, p=4.7617e-04
Interaction div_3×div_9: ΔR²=0.0000, f²=0.0000, p=nan
Interaction div_3×div_Unknown: ΔR²=0.0000, f²=0.0000, p=4.7617e-04
Interaction div_4×div_5: ΔR²=0.0000, f²=0.0000, p=nan
Interaction div_4×div_6: ΔR²=0.0000, f²=0.0000, p=nan
Interaction div_4×div_7: ΔR²=0.0000, f²=0.0000, p=9.2259e-04
Interaction div_4×div_9: ΔR²=0.0000, f²=0.0000, p=4.7617e-04
Interaction div_4×div_Unknown: ΔR²=0.0000, f²=0.0000, p=9.2259e-04
Interaction div_5×div_6: ΔR²=0.0000, f²=0.0000, p=9.2259e-04
Interaction div_5×div_7: ΔR²=0.0000, f²=0.0000, p=2.7348e-01
Interaction div_5×div_9: ΔR²=0.0000, f²=0.0000, p=9.2259e-04
Interaction div_5×div_Unknown: ΔR²=0.0000, f²=0.0000, p=1.3260e-10
Interaction div_6×div_7: ΔR²=0.0000, f²=0.0000, p=8.7501e-04
Interaction div_6×div_9: ΔR²=0.0000, f²=0.0000, p=nan
Interaction div_6×div_Unknown: ΔR²=0.0000, f²=0.0000, p=nan
Interaction div_7×div_9: ΔR²=0.0000, f²=0.0000, p=4.4391e-04
Interaction div_7×div_Unknown: ΔR²=0.0000, f²=0.0000, p=4.4391e-04
Interaction div_9×div_Unknown: ΔR²=0.0000, f²=0.0000, p=8.7501e-04
Stepwise final model for DV=dv1_healthcare_access => R²=0.2962 (initial=0.2968), Condition#=inf
Kept predictors: ['iv2_physical_environment', 'iv4_social_economic', 'mo2_robotics_cap', 'population', 'div_2', 'div_3', 'div_4', 'div_5', 'div_6', 'div_7', 'div_9', 'div_Unknown']
Removed predictors: ['div_8', 'iv3_health_behaviors', 'iv1_public_health_policy', 'mo1_genai_cap']
Created OLS_Coefficients_IndexLevel_Original.csv with coefficients for DV=dv1_healthcare_access.

Correlation matrix for DV=dv1_healthcare_access among final model columns:
                          iv2_physical_environment  iv4_social_economic  mo2_robotics_cap  population     div_2     div_3     div_4     div_5     div_6     div_7     div_9  div_Unknown  dv1_healthcare_access
iv2_physical_environment                  1.000000            -0.007559          0.139497    0.214688  0.074431  0.127688  0.161711  0.154380 -0.288545  0.249257 -0.104869          NaN               0.360085
iv4_social_economic                      -0.007559             1.000000         -0.124017   -0.133282 -0.086630  0.091943 -0.033956  0.165163 -0.111440 -0.041489 -0.035018          NaN               0.246873
mo2_robotics_cap                          0.139497            -0.124017          1.000000    0.224809  0.076529  0.032279  0.090471 -0.072070 -0.073690 -0.064100  0.058919          NaN              -0.178832
population                                0.214688            -0.133282          0.224809    1.000000  0.119025  0.011735  0.004438 -0.055559 -0.103268 -0.022032  0.152501          NaN              -0.112787
div_2                                     0.074431            -0.086630          0.076529    0.119025  1.000000 -0.107708 -0.090218 -0.081247 -0.111077 -0.094140 -0.053342          NaN              -0.044805
div_3                                     0.127688             0.091943          0.032279    0.011735 -0.107708  1.000000 -0.193372 -0.174143 -0.238082 -0.201778 -0.114333          NaN               0.119075
div_4                                     0.161711            -0.033956          0.090471    0.004438 -0.090218 -0.193372  1.000000 -0.145865 -0.199422 -0.169013 -0.095767          NaN               0.015135
div_5                                     0.154380             0.165163         -0.072070   -0.055559 -0.081247 -0.174143 -0.145865  1.000000 -0.179591 -0.152206 -0.086244          NaN               0.229861
div_6                                    -0.288545            -0.111440         -0.073690   -0.103268 -0.111077 -0.238082 -0.199422 -0.179591  1.000000 -0.208091 -0.117909          NaN              -0.106891
div_7                                     0.249257            -0.041489         -0.064100   -0.022032 -0.094140 -0.201778 -0.169013 -0.152206 -0.208091  1.000000 -0.099930          NaN               0.141906
div_9                                    -0.104869            -0.035018          0.058919    0.152501 -0.053342 -0.114333 -0.095767 -0.086244 -0.117909 -0.099930  1.000000          NaN              -0.208875
div_Unknown                                    NaN                  NaN               NaN         NaN       NaN       NaN       NaN       NaN       NaN       NaN       NaN          NaN                    NaN
dv1_healthcare_access                     0.360085             0.246873         -0.178832   -0.112787 -0.044805  0.119075  0.015135  0.229861 -0.106891  0.141906 -0.208875          NaN               1.000000
Correlation heatmap saved to corr_dv1_healthcare_access_original.png
Potential outliers in dv1_healthcare_access model (n=112):
 - Row index: 64, Studentized resid=2.90, Cook's=0.0021
 - Row index: 65, Studentized resid=2.66, Cook's=0.0019
 - Row index: 73, Studentized resid=1.16, Cook's=0.0016
 - Row index: 76, Studentized resid=-1.92, Cook's=0.0047
 - Row index: 84, Studentized resid=-1.98, Cook's=0.0050
 - Row index: 86, Studentized resid=1.53, Cook's=0.0029
 - Row index: 104, Studentized resid=0.94, Cook's=0.0044
 - Row index: 122, Studentized resid=2.84, Cook's=0.0018
 - Row index: 151, Studentized resid=4.05, Cook's=0.0029
 - Row index: 167, Studentized resid=2.92, Cook's=0.0015
 - Row index: 188, Studentized resid=-2.73, Cook's=0.0125
 - Row index: 197, Studentized resid=1.81, Cook's=0.0017
 - Row index: 205, Studentized resid=2.69, Cook's=0.2355
 - Row index: 218, Studentized resid=-1.49, Cook's=0.0022
 - Row index: 244, Studentized resid=1.70, Cook's=0.0016
 - Row index: 265, Studentized resid=2.65, Cook's=0.0018
 - Row index: 343, Studentized resid=4.33, Cook's=0.0029
 - Row index: 393, Studentized resid=2.57, Cook's=0.0013
 - Row index: 400, Studentized resid=3.32, Cook's=0.0016
 - Row index: 437, Studentized resid=-3.07, Cook's=0.0020
 - Row index: 467, Studentized resid=4.19, Cook's=0.0032
 - Row index: 478, Studentized resid=3.10, Cook's=0.0021
 - Row index: 483, Studentized resid=4.20, Cook's=0.0037
 - Row index: 484, Studentized resid=3.52, Cook's=0.0027
 - Row index: 496, Studentized resid=4.24, Cook's=0.0040
 - Row index: 497, Studentized resid=2.99, Cook's=0.0043
 - Row index: 518, Studentized resid=-2.46, Cook's=0.0029
 - Row index: 588, Studentized resid=2.98, Cook's=0.0023
 - Row index: 604, Studentized resid=3.14, Cook's=0.0019
 - Row index: 611, Studentized resid=0.81, Cook's=0.0047
 - Row index: 635, Studentized resid=2.43, Cook's=0.0013
 - Row index: 639, Studentized resid=3.55, Cook's=0.0025
 - Row index: 753, Studentized resid=4.04, Cook's=0.0034
 - Row index: 766, Studentized resid=8.05, Cook's=0.0124
 - Row index: 778, Studentized resid=2.91, Cook's=0.0019
 - Row index: 901, Studentized resid=-2.44, Cook's=0.0026
 - Row index: 958, Studentized resid=5.48, Cook's=0.0061
 - Row index: 1009, Studentized resid=2.74, Cook's=0.0016
 - Row index: 1016, Studentized resid=2.86, Cook's=0.0018
 - Row index: 1024, Studentized resid=2.87, Cook's=0.0020
 - Row index: 1067, Studentized resid=4.52, Cook's=0.0046
 - Row index: 1081, Studentized resid=3.48, Cook's=0.0028
 - Row index: 1088, Studentized resid=-2.14, Cook's=0.0023
 - Row index: 1092, Studentized resid=2.39, Cook's=0.0014
 - Row index: 1131, Studentized resid=2.90, Cook's=0.0015
 - Row index: 1135, Studentized resid=5.34, Cook's=0.0051
 - Row index: 1422, Studentized resid=3.41, Cook's=0.0033
 - Row index: 1429, Studentized resid=-3.13, Cook's=0.0052
 - Row index: 1457, Studentized resid=3.12, Cook's=0.0022
 - Row index: 1466, Studentized resid=3.04, Cook's=0.0023
 - Row index: 1471, Studentized resid=2.55, Cook's=0.0014
 - Row index: 1482, Studentized resid=3.64, Cook's=0.0030
 - Row index: 1511, Studentized resid=6.30, Cook's=0.0068
 - Row index: 1513, Studentized resid=4.41, Cook's=0.0027
 - Row index: 1540, Studentized resid=5.35, Cook's=0.0063
 - Row index: 1543, Studentized resid=3.17, Cook's=0.0023
 - Row index: 1551, Studentized resid=3.52, Cook's=0.0022
 - Row index: 1555, Studentized resid=5.32, Cook's=0.0068
 - Row index: 1570, Studentized resid=3.25, Cook's=0.0021
 - Row index: 1625, Studentized resid=-1.68, Cook's=0.0021
 - Row index: 1689, Studentized resid=-1.61, Cook's=0.0013
 - Row index: 1693, Studentized resid=-2.59, Cook's=0.0018
 - Row index: 1826, Studentized resid=3.63, Cook's=0.0037
 - Row index: 1852, Studentized resid=1.24, Cook's=0.0032
 - Row index: 1865, Studentized resid=3.59, Cook's=0.0073
 - Row index: 1887, Studentized resid=2.00, Cook's=0.0033
 - Row index: 1983, Studentized resid=3.87, Cook's=0.0023
 - Row index: 2101, Studentized resid=2.72, Cook's=0.0015
 - Row index: 2104, Studentized resid=3.67, Cook's=0.0028
 - Row index: 2134, Studentized resid=2.69, Cook's=0.0013
 - Row index: 2137, Studentized resid=-1.99, Cook's=0.0015
 - Row index: 2138, Studentized resid=1.90, Cook's=0.0014
 - Row index: 2146, Studentized resid=3.04, Cook's=0.0028
 - Row index: 2173, Studentized resid=6.32, Cook's=0.0070
 - Row index: 2246, Studentized resid=-1.20, Cook's=0.0015
 - Row index: 2370, Studentized resid=-3.74, Cook's=0.0164
 - Row index: 2382, Studentized resid=1.71, Cook's=0.0014
 - Row index: 2397, Studentized resid=-2.20, Cook's=0.0023
 - Row index: 2409, Studentized resid=-2.05, Cook's=0.0014
 - Row index: 2422, Studentized resid=2.02, Cook's=0.0029
 - Row index: 2484, Studentized resid=3.18, Cook's=0.0023
 - Row index: 2509, Studentized resid=2.75, Cook's=0.0017
 - Row index: 2529, Studentized resid=-2.49, Cook's=0.0028
 - Row index: 2540, Studentized resid=-2.39, Cook's=0.0023
 - Row index: 2559, Studentized resid=3.38, Cook's=0.0022
 - Row index: 2582, Studentized resid=2.88, Cook's=0.0024
 - Row index: 2596, Studentized resid=4.08, Cook's=0.0032
 - Row index: 2606, Studentized resid=3.13, Cook's=0.0019
 - Row index: 2610, Studentized resid=-2.44, Cook's=0.0025
 - Row index: 2624, Studentized resid=0.60, Cook's=0.0021
 - Row index: 2650, Studentized resid=4.62, Cook's=0.0036
 - Row index: 2654, Studentized resid=-2.57, Cook's=0.0027
 - Row index: 2658, Studentized resid=-2.15, Cook's=0.0019
 - Row index: 2674, Studentized resid=-1.87, Cook's=0.0016
 - Row index: 2689, Studentized resid=6.98, Cook's=0.0092
 - Row index: 2696, Studentized resid=-1.71, Cook's=0.0014
 - Row index: 2708, Studentized resid=3.94, Cook's=0.0040
 - Row index: 2713, Studentized resid=2.85, Cook's=0.0014
 - Row index: 2720, Studentized resid=-2.11, Cook's=0.0022
 - Row index: 2721, Studentized resid=3.39, Cook's=0.0019
 - Row index: 2727, Studentized resid=5.96, Cook's=0.0068
 - Row index: 2734, Studentized resid=-2.11, Cook's=0.0013
 - Row index: 2745, Studentized resid=-2.26, Cook's=0.0022
 - Row index: 2757, Studentized resid=2.76, Cook's=0.0014
 - Row index: 2785, Studentized resid=2.70, Cook's=0.0018
 - Row index: 2824, Studentized resid=2.95, Cook's=0.0014
 - Row index: 2889, Studentized resid=3.23, Cook's=0.0015
 - Row index: 2898, Studentized resid=3.26, Cook's=0.0017
 - Row index: 2936, Studentized resid=-2.35, Cook's=0.0016
 - Row index: 3015, Studentized resid=2.47, Cook's=0.0040
 - Row index: 3022, Studentized resid=4.46, Cook's=0.0046
 - Row index: 3047, Studentized resid=2.34, Cook's=0.0013
Path diagram saved to SignificantPaths_dv1_healthcare_access_Original.png

..... Analyzing DV: dv2_healthcare_quality (Original) .....
Stepwise final model for DV=dv2_healthcare_quality => R²=0.6859 (initial=0.6860), Condition#=inf
Kept predictors: ['iv2_physical_environment', 'iv3_health_behaviors', 'iv4_social_economic', 'mo1_genai_cap', 'mo2_robotics_cap', 'population', 'div_2', 'div_3', 'div_4', 'div_5', 'div_6', 'div_7', 'div_8', 'div_9', 'div_Unknown']
Removed predictors: ['iv1_public_health_policy']
Testing 105 interactions for DV=dv2_healthcare_quality among stepwise-kept predictors.
Interaction iv2_physical_environment×iv3_health_behaviors: ΔR²=0.0000, f²=0.0001, p=6.1710e-01
Interaction iv2_physical_environment×iv4_social_economic: ΔR²=0.0011, f²=0.0035, p=9.9166e-04
Interaction iv2_physical_environment×mo1_genai_cap: ΔR²=0.0002, f²=0.0005, p=1.9777e-01
Interaction iv2_physical_environment×mo2_robotics_cap: ΔR²=0.0002, f²=0.0005, p=1.9884e-01
Interaction iv2_physical_environment×population: ΔR²=0.0030, f²=0.0096, p=4.7743e-08
Interaction iv2_physical_environment×div_2: ΔR²=0.0005, f²=0.0015, p=2.8745e-02
Interaction iv2_physical_environment×div_3: ΔR²=0.0012, f²=0.0038, p=5.7380e-04
Interaction iv2_physical_environment×div_4: ΔR²=0.0001, f²=0.0002, p=3.8382e-01
Interaction iv2_physical_environment×div_5: ΔR²=0.0002, f²=0.0005, p=1.9803e-01
Interaction iv2_physical_environment×div_6: ΔR²=0.0001, f²=0.0003, p=3.3202e-01
Interaction iv2_physical_environment×div_7: ΔR²=0.0000, f²=0.0000, p=7.6277e-01
Interaction iv2_physical_environment×div_8: ΔR²=0.0000, f²=0.0001, p=5.7890e-01
Interaction iv2_physical_environment×div_9: ΔR²=0.0001, f²=0.0002, p=4.0974e-01
Interaction iv2_physical_environment×div_Unknown: ΔR²=-0.0000, f²=-0.0000, p=2.0719e-05
Interaction iv3_health_behaviors×iv4_social_economic: ΔR²=0.0058, f²=0.0189, p=2.1995e-14
Interaction iv3_health_behaviors×mo1_genai_cap: ΔR²=0.0007, f²=0.0022, p=8.2257e-03
Interaction iv3_health_behaviors×mo2_robotics_cap: ΔR²=0.0005, f²=0.0016, p=2.5396e-02
Interaction iv3_health_behaviors×population: ΔR²=0.0006, f²=0.0020, p=1.1545e-02
Interaction iv3_health_behaviors×div_2: ΔR²=0.0002, f²=0.0005, p=2.0857e-01
Interaction iv3_health_behaviors×div_3: ΔR²=0.0000, f²=0.0001, p=6.3287e-01
Interaction iv3_health_behaviors×div_4: ΔR²=0.0004, f²=0.0013, p=4.4508e-02
Interaction iv3_health_behaviors×div_5: ΔR²=0.0003, f²=0.0009, p=8.9353e-02
Interaction iv3_health_behaviors×div_6: ΔR²=0.0064, f²=0.0208, p=1.1872e-15
Interaction iv3_health_behaviors×div_7: ΔR²=0.0003, f²=0.0009, p=9.7356e-02
Interaction iv3_health_behaviors×div_8: ΔR²=0.0026, f²=0.0082, p=4.3747e-07
Interaction iv3_health_behaviors×div_9: ΔR²=0.0065, f²=0.0210, p=8.5270e-16
Interaction iv3_health_behaviors×div_Unknown: ΔR²=0.0000, f²=0.0000, p=6.8330e-09
Interaction iv4_social_economic×mo1_genai_cap: ΔR²=0.0001, f²=0.0004, p=2.3907e-01
Interaction iv4_social_economic×mo2_robotics_cap: ΔR²=0.0001, f²=0.0003, p=3.7091e-01
Interaction iv4_social_economic×population: ΔR²=0.0031, f²=0.0100, p=2.5223e-08
Interaction iv4_social_economic×div_2: ΔR²=0.0004, f²=0.0013, p=4.1463e-02
Interaction iv4_social_economic×div_3: ΔR²=0.0006, f²=0.0020, p=1.2103e-02
Interaction iv4_social_economic×div_4: ΔR²=0.0004, f²=0.0014, p=3.8856e-02
Interaction iv4_social_economic×div_5: ΔR²=0.0013, f²=0.0042, p=3.0994e-04
Interaction iv4_social_economic×div_6: ΔR²=0.0001, f²=0.0003, p=3.2496e-01
Interaction iv4_social_economic×div_7: ΔR²=0.0009, f²=0.0028, p=3.3824e-03
Interaction iv4_social_economic×div_8: ΔR²=0.0006, f²=0.0020, p=1.1885e-02
Interaction iv4_social_economic×div_9: ΔR²=0.0019, f²=0.0062, p=1.1730e-05
Interaction iv4_social_economic×div_Unknown: ΔR²=-0.0000, f²=-0.0000, p=2.0719e-05
Interaction mo1_genai_cap×mo2_robotics_cap: ΔR²=0.0001, f²=0.0004, p=2.4481e-01
Interaction mo1_genai_cap×population: ΔR²=0.0007, f²=0.0022, p=8.9781e-03
Interaction mo1_genai_cap×div_2: ΔR²=0.0000, f²=0.0002, p=4.8838e-01
Interaction mo1_genai_cap×div_3: ΔR²=0.0001, f²=0.0002, p=4.0976e-01
Interaction mo1_genai_cap×div_4: ΔR²=0.0001, f²=0.0004, p=2.8162e-01
Interaction mo1_genai_cap×div_5: ΔR²=0.0001, f²=0.0003, p=3.5933e-01
Interaction mo1_genai_cap×div_6: ΔR²=0.0000, f²=0.0001, p=6.0269e-01
Interaction mo1_genai_cap×div_7: ΔR²=0.0000, f²=0.0000, p=7.6082e-01
Interaction mo1_genai_cap×div_8: ΔR²=0.0002, f²=0.0006, p=1.7705e-01
Interaction mo1_genai_cap×div_9: ΔR²=0.0000, f²=0.0000, p=9.3349e-01
Interaction mo1_genai_cap×div_Unknown: ΔR²=0.0000, f²=0.0000, p=1.3788e-02
Interaction mo2_robotics_cap×population: ΔR²=0.0010, f²=0.0031, p=2.0320e-03
Interaction mo2_robotics_cap×div_2: ΔR²=0.0001, f²=0.0003, p=3.4285e-01
Interaction mo2_robotics_cap×div_3: ΔR²=0.0000, f²=0.0000, p=9.9246e-01
Interaction mo2_robotics_cap×div_4: ΔR²=0.0000, f²=0.0000, p=7.9211e-01
Interaction mo2_robotics_cap×div_5: ΔR²=0.0003, f²=0.0008, p=1.1048e-01
Interaction mo2_robotics_cap×div_6: ΔR²=0.0000, f²=0.0000, p=9.2202e-01
Interaction mo2_robotics_cap×div_7: ΔR²=0.0001, f²=0.0002, p=4.1658e-01
Interaction mo2_robotics_cap×div_8: ΔR²=0.0002, f²=0.0005, p=1.9206e-01
Interaction mo2_robotics_cap×div_9: ΔR²=0.0000, f²=0.0001, p=5.1469e-01
Interaction mo2_robotics_cap×div_Unknown: ΔR²=-0.0000, f²=-0.0000, p=1.4192e-04
Interaction population×div_2: ΔR²=0.0000, f²=0.0000, p=8.6010e-01
Interaction population×div_3: ΔR²=0.0022, f²=0.0071, p=2.5843e-06
Interaction population×div_4: ΔR²=0.0000, f²=0.0000, p=7.9069e-01
Interaction population×div_5: ΔR²=0.0028, f²=0.0090, p=1.3505e-07
Interaction population×div_6: ΔR²=0.0007, f²=0.0021, p=9.7789e-03
Interaction population×div_7: ΔR²=0.0000, f²=0.0001, p=5.7871e-01
Interaction population×div_8: ΔR²=0.0000, f²=0.0000, p=7.3319e-01
Interaction population×div_9: ΔR²=0.0026, f²=0.0085, p=2.8950e-07
Interaction population×div_Unknown: ΔR²=0.0000, f²=0.0000, p=3.5585e-07
Interaction div_2×div_3: ΔR²=0.0000, f²=0.0000, p=2.6718e-17
Interaction div_2×div_4: ΔR²=0.0000, f²=0.0000, p=6.8330e-09
Interaction div_2×div_5: ΔR²=0.0000, f²=0.0000, p=2.6718e-17
Interaction div_2×div_6: ΔR²=0.0000, f²=0.0000, p=3.5585e-07
Interaction div_2×div_7: ΔR²=0.0000, f²=0.0000, p=3.5585e-07
Interaction div_2×div_8: ΔR²=-0.0000, f²=-0.0000, p=1.4192e-04
Interaction div_2×div_9: ΔR²=0.0000, f²=0.0000, p=2.6718e-17
Interaction div_2×div_Unknown: ΔR²=0.0000, f²=0.0000, p=2.6718e-17
Interaction div_3×div_4: ΔR²=0.0000, f²=0.0000, p=6.8330e-09
Interaction div_3×div_5: ΔR²=0.0000, f²=0.0000, p=1.3788e-02
Interaction div_3×div_6: ΔR²=0.0000, f²=0.0000, p=6.8330e-09
Interaction div_3×div_7: ΔR²=0.0000, f²=0.0000, p=2.6718e-17
Interaction div_3×div_8: ΔR²=0.0000, f²=0.0000, p=3.5585e-07
Interaction div_3×div_9: ΔR²=0.0000, f²=0.0000, p=nan
Interaction div_3×div_Unknown: ΔR²=0.0000, f²=0.0000, p=2.6718e-17
Interaction div_4×div_5: ΔR²=-0.0000, f²=-0.0000, p=1.4192e-04
Interaction div_4×div_6: ΔR²=0.0000, f²=0.0000, p=nan
Interaction div_4×div_7: ΔR²=0.0000, f²=0.0000, p=6.8330e-09
Interaction div_4×div_8: ΔR²=0.0000, f²=0.0000, p=nan
Interaction div_4×div_9: ΔR²=0.0000, f²=0.0000, p=2.6718e-17
Interaction div_4×div_Unknown: ΔR²=0.0000, f²=0.0000, p=6.8330e-09
Interaction div_5×div_6: ΔR²=0.0000, f²=0.0000, p=6.8330e-09
Interaction div_5×div_7: ΔR²=0.0000, f²=0.0000, p=6.8330e-09
Interaction div_5×div_8: ΔR²=0.0000, f²=0.0000, p=1.3788e-02
Interaction div_5×div_9: ΔR²=0.0000, f²=0.0000, p=6.8330e-09
Interaction div_5×div_Unknown: ΔR²=-0.0000, f²=-0.0000, p=1.4192e-04
Interaction div_6×div_7: ΔR²=0.0000, f²=0.0000, p=3.5585e-07
Interaction div_6×div_8: ΔR²=-0.0000, f²=-0.0000, p=1.4192e-04
Interaction div_6×div_9: ΔR²=0.0000, f²=0.0000, p=nan
Interaction div_6×div_Unknown: ΔR²=0.0000, f²=0.0000, p=nan
Interaction div_7×div_8: ΔR²=0.0000, f²=0.0000, p=2.6718e-17
Interaction div_7×div_9: ΔR²=-0.0000, f²=-0.0000, p=2.0719e-05
Interaction div_7×div_Unknown: ΔR²=-0.0000, f²=-0.0000, p=2.0719e-05
Interaction div_8×div_9: ΔR²=0.0000, f²=0.0000, p=nan
Interaction div_8×div_Unknown: ΔR²=-0.0000, f²=-0.0000, p=2.0719e-05
Interaction div_9×div_Unknown: ΔR²=0.0000, f²=0.0000, p=3.5585e-07
Stepwise final model for DV=dv2_healthcare_quality => R²=0.6859 (initial=0.6860), Condition#=inf
Kept predictors: ['iv2_physical_environment', 'iv3_health_behaviors', 'iv4_social_economic', 'mo1_genai_cap', 'mo2_robotics_cap', 'population', 'div_2', 'div_3', 'div_4', 'div_5', 'div_6', 'div_7', 'div_8', 'div_9', 'div_Unknown']
Removed predictors: ['iv1_public_health_policy']
Appended results to OLS_Coefficients_IndexLevel_Original.csv for DV=dv2_healthcare_quality.

Correlation matrix for DV=dv2_healthcare_quality among final model columns:
                          iv2_physical_environment  iv3_health_behaviors  iv4_social_economic  mo1_genai_cap  mo2_robotics_cap  population     div_2     div_3     div_4     div_5     div_6     div_7     div_8     div_9  div_Unknown  dv2_healthcare_quality
iv2_physical_environment                  1.000000              0.233610            -0.007559       0.047311          0.139497    0.214688  0.074431  0.127688  0.161711  0.154380 -0.288545  0.249257 -0.380970 -0.104869          NaN                0.159579
iv3_health_behaviors                      0.233610              1.000000             0.236788       0.000328          0.090942    0.124186 -0.070442  0.152580 -0.095837  0.133720 -0.123449  0.104085 -0.106093 -0.005896          NaN                0.511446
iv4_social_economic                      -0.007559              0.236788             1.000000      -0.067354         -0.124017   -0.133282 -0.086630  0.091943 -0.033956  0.165163 -0.111440 -0.041489  0.026388 -0.035018          NaN                0.698300
mo1_genai_cap                             0.047311              0.000328            -0.067354       1.000000          0.335234    0.123913  0.090865  0.006922  0.078923 -0.083002 -0.051443 -0.052470  0.043857 -0.012979          NaN               -0.116336
mo2_robotics_cap                          0.139497              0.090942            -0.124017       0.335234          1.000000    0.224809  0.076529  0.032279  0.090471 -0.072070 -0.073690 -0.064100  0.005798  0.058919          NaN               -0.164401
population                                0.214688              0.124186            -0.133282       0.123913          0.224809    1.000000  0.119025  0.011735  0.004438 -0.055559 -0.103268 -0.022032 -0.014683  0.152501          NaN               -0.137935
div_2                                     0.074431             -0.070442            -0.086630       0.090865          0.076529    0.119025  1.000000 -0.107708 -0.090218 -0.081247 -0.111077 -0.094140 -0.070340 -0.053342          NaN               -0.121095
div_3                                     0.127688              0.152580             0.091943       0.006922          0.032279    0.011735 -0.107708  1.000000 -0.193372 -0.174143 -0.238082 -0.201778 -0.150765 -0.114333          NaN                0.149978
div_4                                     0.161711             -0.095837            -0.033956       0.078923          0.090471    0.004438 -0.090218 -0.193372  1.000000 -0.145865 -0.199422 -0.169013 -0.126283 -0.095767          NaN               -0.105444
div_5                                     0.154380              0.133720             0.165163      -0.083002         -0.072070   -0.055559 -0.081247 -0.174143 -0.145865  1.000000 -0.179591 -0.152206 -0.113726 -0.086244          NaN                0.299078
div_6                                    -0.288545             -0.123449            -0.111440      -0.051443         -0.073690   -0.103268 -0.111077 -0.238082 -0.199422 -0.179591  1.000000 -0.208091 -0.155482 -0.117909          NaN               -0.188722
div_7                                     0.249257              0.104085            -0.041489      -0.052470         -0.064100   -0.022032 -0.094140 -0.201778 -0.169013 -0.152206 -0.208091  1.000000 -0.131773 -0.099930          NaN                0.117638
div_8                                    -0.380970             -0.106093             0.026388       0.043857          0.005798   -0.014683 -0.070340 -0.150765 -0.126283 -0.113726 -0.155482 -0.131773  1.000000 -0.074666          NaN               -0.081113
div_9                                    -0.104869             -0.005896            -0.035018      -0.012979          0.058919    0.152501 -0.053342 -0.114333 -0.095767 -0.086244 -0.117909 -0.099930 -0.074666  1.000000          NaN               -0.101140
div_Unknown                                    NaN                   NaN                  NaN            NaN               NaN         NaN       NaN       NaN       NaN       NaN       NaN       NaN       NaN       NaN          NaN                     NaN
dv2_healthcare_quality                    0.159579              0.511446             0.698300      -0.116336         -0.164401   -0.137935 -0.121095  0.149978 -0.105444  0.299078 -0.188722  0.117638 -0.081113 -0.101140          NaN                1.000000
Correlation heatmap saved to corr_dv2_healthcare_quality_original.png
Potential outliers in dv2_healthcare_quality model (n=132):
 - Row index: 70, Studentized resid=-4.63, Cook's=0.0588
 - Row index: 71, Studentized resid=8.39, Cook's=0.0668
 - Row index: 73, Studentized resid=-1.67, Cook's=0.0030
 - Row index: 75, Studentized resid=1.88, Cook's=0.0035
 - Row index: 76, Studentized resid=-1.54, Cook's=0.0026
 - Row index: 77, Studentized resid=1.54, Cook's=0.0018
 - Row index: 78, Studentized resid=4.71, Cook's=0.0232
 - Row index: 83, Studentized resid=-3.11, Cook's=0.0331
 - Row index: 84, Studentized resid=1.26, Cook's=0.0017
 - Row index: 86, Studentized resid=-2.78, Cook's=0.0143
 - Row index: 87, Studentized resid=-1.50, Cook's=0.0021
 - Row index: 88, Studentized resid=-3.92, Cook's=0.0284
 - Row index: 96, Studentized resid=-1.79, Cook's=0.0041
 - Row index: 97, Studentized resid=2.34, Cook's=0.0035
 - Row index: 100, Studentized resid=2.14, Cook's=0.0016
 - Row index: 103, Studentized resid=2.46, Cook's=0.0021
 - Row index: 104, Studentized resid=1.04, Cook's=0.0045
 - Row index: 106, Studentized resid=1.98, Cook's=0.0014
 - Row index: 188, Studentized resid=4.50, Cook's=0.0307
 - Row index: 205, Studentized resid=4.30, Cook's=0.4966
 - Row index: 216, Studentized resid=0.93, Cook's=0.0018
 - Row index: 222, Studentized resid=1.27, Cook's=0.0025
 - Row index: 232, Studentized resid=-2.00, Cook's=0.0019
 - Row index: 254, Studentized resid=3.70, Cook's=0.0061
 - Row index: 261, Studentized resid=-1.68, Cook's=0.0014
 - Row index: 291, Studentized resid=-2.68, Cook's=0.0017
 - Row index: 294, Studentized resid=-2.05, Cook's=0.0019
 - Row index: 301, Studentized resid=-1.81, Cook's=0.0018
 - Row index: 383, Studentized resid=3.15, Cook's=0.0011
 - Row index: 487, Studentized resid=4.21, Cook's=0.0025
 - Row index: 505, Studentized resid=4.31, Cook's=0.0029
 - Row index: 513, Studentized resid=1.44, Cook's=0.0017
 - Row index: 518, Studentized resid=3.47, Cook's=0.0050
 - Row index: 532, Studentized resid=2.18, Cook's=0.0014
 - Row index: 553, Studentized resid=-2.09, Cook's=0.0017
 - Row index: 564, Studentized resid=4.28, Cook's=0.0085
 - Row index: 597, Studentized resid=2.59, Cook's=0.0016
 - Row index: 611, Studentized resid=1.17, Cook's=0.0080
 - Row index: 912, Studentized resid=6.55, Cook's=0.0054
 - Row index: 924, Studentized resid=5.11, Cook's=0.0069
 - Row index: 936, Studentized resid=6.49, Cook's=0.0064
 - Row index: 939, Studentized resid=6.58, Cook's=0.0097
 - Row index: 982, Studentized resid=2.60, Cook's=0.0017
 - Row index: 1000, Studentized resid=2.65, Cook's=0.0015
 - Row index: 1006, Studentized resid=3.00, Cook's=0.0021
 - Row index: 1041, Studentized resid=2.71, Cook's=0.0015
 - Row index: 1088, Studentized resid=1.88, Cook's=0.0017
 - Row index: 1090, Studentized resid=3.64, Cook's=0.0036
 - Row index: 1091, Studentized resid=1.84, Cook's=0.0016
 - Row index: 1112, Studentized resid=2.67, Cook's=0.0019
 - Row index: 1120, Studentized resid=2.72, Cook's=0.0015
 - Row index: 1149, Studentized resid=-2.06, Cook's=0.0013
 - Row index: 1223, Studentized resid=0.91, Cook's=0.0013
 - Row index: 1358, Studentized resid=1.86, Cook's=0.0013
 - Row index: 1412, Studentized resid=3.35, Cook's=0.0026
 - Row index: 1429, Studentized resid=2.21, Cook's=0.0022
 - Row index: 1473, Studentized resid=2.10, Cook's=0.0019
 - Row index: 1561, Studentized resid=3.04, Cook's=0.0025
 - Row index: 1598, Studentized resid=-1.72, Cook's=0.0017
 - Row index: 1600, Studentized resid=2.05, Cook's=0.0028
 - Row index: 1601, Studentized resid=3.21, Cook's=0.0031
 - Row index: 1611, Studentized resid=1.98, Cook's=0.0016
 - Row index: 1616, Studentized resid=2.63, Cook's=0.0024
 - Row index: 1617, Studentized resid=5.06, Cook's=0.0114
 - Row index: 1626, Studentized resid=-2.43, Cook's=0.0019
 - Row index: 1641, Studentized resid=6.25, Cook's=0.0226
 - Row index: 1642, Studentized resid=1.75, Cook's=0.0014
 - Row index: 1658, Studentized resid=-2.42, Cook's=0.0031
 - Row index: 1662, Studentized resid=4.09, Cook's=0.0050
 - Row index: 1686, Studentized resid=2.46, Cook's=0.0016
 - Row index: 1691, Studentized resid=4.43, Cook's=0.0051
 - Row index: 1717, Studentized resid=2.91, Cook's=0.0022
 - Row index: 1741, Studentized resid=4.57, Cook's=0.0103
 - Row index: 1753, Studentized resid=5.13, Cook's=0.0123
 - Row index: 1758, Studentized resid=4.23, Cook's=0.0046
 - Row index: 1797, Studentized resid=-2.23, Cook's=0.0017
 - Row index: 1813, Studentized resid=4.49, Cook's=0.0085
 - Row index: 1993, Studentized resid=4.87, Cook's=0.0292
 - Row index: 2014, Studentized resid=2.67, Cook's=0.0022
 - Row index: 2016, Studentized resid=-2.71, Cook's=0.0018
 - Row index: 2023, Studentized resid=3.34, Cook's=0.0032
 - Row index: 2032, Studentized resid=5.98, Cook's=0.0080
 - Row index: 2033, Studentized resid=4.22, Cook's=0.0145
 - Row index: 2160, Studentized resid=-2.58, Cook's=0.0030
 - Row index: 2178, Studentized resid=-2.47, Cook's=0.0020
 - Row index: 2243, Studentized resid=1.94, Cook's=0.0023
 - Row index: 2271, Studentized resid=2.23, Cook's=0.0023
 - Row index: 2356, Studentized resid=-2.05, Cook's=0.0015
 - Row index: 2363, Studentized resid=2.79, Cook's=0.0023
 - Row index: 2365, Studentized resid=1.84, Cook's=0.0016
 - Row index: 2370, Studentized resid=6.68, Cook's=0.0605
 - Row index: 2372, Studentized resid=-5.63, Cook's=0.0093
 - Row index: 2377, Studentized resid=4.70, Cook's=0.0164
 - Row index: 2382, Studentized resid=4.51, Cook's=0.0254
 - Row index: 2389, Studentized resid=-2.84, Cook's=0.0020
 - Row index: 2393, Studentized resid=-5.30, Cook's=0.0080
 - Row index: 2396, Studentized resid=4.13, Cook's=0.0048
 - Row index: 2397, Studentized resid=1.76, Cook's=0.0019
 - Row index: 2404, Studentized resid=2.32, Cook's=0.0014
 - Row index: 2406, Studentized resid=2.61, Cook's=0.0018
 - Row index: 2409, Studentized resid=3.36, Cook's=0.0066
 - Row index: 2413, Studentized resid=3.65, Cook's=0.0251
 - Row index: 2422, Studentized resid=-0.86, Cook's=0.0025
 - Row index: 2428, Studentized resid=3.65, Cook's=0.0045
 - Row index: 2432, Studentized resid=-2.67, Cook's=0.0018
 - Row index: 2447, Studentized resid=-2.18, Cook's=0.0014
 - Row index: 2491, Studentized resid=-2.12, Cook's=0.0013
 - Row index: 2529, Studentized resid=3.72, Cook's=0.0051
 - Row index: 2546, Studentized resid=-2.35, Cook's=0.0015
 - Row index: 2587, Studentized resid=-1.25, Cook's=0.0015
 - Row index: 2592, Studentized resid=2.88, Cook's=0.0024
 - Row index: 2601, Studentized resid=3.39, Cook's=0.0040
 - Row index: 2624, Studentized resid=0.93, Cook's=0.0040
 - Row index: 2641, Studentized resid=2.89, Cook's=0.0027
 - Row index: 2645, Studentized resid=3.41, Cook's=0.0046
 - Row index: 2687, Studentized resid=2.05, Cook's=0.0013
 - Row index: 2696, Studentized resid=4.03, Cook's=0.0064
 - Row index: 2703, Studentized resid=1.83, Cook's=0.0014
 - Row index: 2717, Studentized resid=2.79, Cook's=0.0013
 - Row index: 2739, Studentized resid=-2.45, Cook's=0.0019
 - Row index: 2745, Studentized resid=-2.84, Cook's=0.0034
 - Row index: 2747, Studentized resid=-3.21, Cook's=0.0039
 - Row index: 2865, Studentized resid=2.82, Cook's=0.0032
 - Row index: 2924, Studentized resid=3.29, Cook's=0.0016
 - Row index: 2929, Studentized resid=3.42, Cook's=0.0016
 - Row index: 2931, Studentized resid=-1.52, Cook's=0.0014
 - Row index: 2965, Studentized resid=4.43, Cook's=0.0115
 - Row index: 3015, Studentized resid=2.31, Cook's=0.0033
 - Row index: 3016, Studentized resid=1.57, Cook's=0.0014
 - Row index: 3022, Studentized resid=3.23, Cook's=0.0024
 - Row index: 3087, Studentized resid=2.67, Cook's=0.0029
 - Row index: 3088, Studentized resid=-1.83, Cook's=0.0016
Path diagram saved to SignificantPaths_dv2_healthcare_quality_Original.png

..... Analyzing DV: dv3_operational_eff (Original) .....
Stepwise final model for DV=dv3_operational_eff => R²=0.1253 (initial=0.1259), Condition#=inf
Kept predictors: ['iv2_physical_environment', 'iv4_social_economic', 'mo1_genai_cap', 'mo2_robotics_cap', 'div_3', 'div_4', 'div_5', 'div_7', 'div_8', 'div_Unknown']
Removed predictors: ['iv3_health_behaviors', 'div_2', 'population', 'iv1_public_health_policy', 'div_9', 'div_6']
Testing 45 interactions for DV=dv3_operational_eff among stepwise-kept predictors.
Interaction iv2_physical_environment×iv4_social_economic: ΔR²=0.0022, f²=0.0025, p=2.1264e-02
Interaction iv2_physical_environment×mo1_genai_cap: ΔR²=0.0026, f²=0.0030, p=1.2330e-02
Interaction iv2_physical_environment×mo2_robotics_cap: ΔR²=0.0000, f²=0.0000, p=9.3922e-01
Interaction iv2_physical_environment×div_3: ΔR²=0.0004, f²=0.0004, p=3.4270e-01
Interaction iv2_physical_environment×div_4: ΔR²=0.0002, f²=0.0002, p=5.3299e-01
Interaction iv2_physical_environment×div_5: ΔR²=0.0093, f²=0.0108, p=1.8664e-06
Interaction iv2_physical_environment×div_7: ΔR²=0.0134, f²=0.0156, p=9.7968e-09
Interaction iv2_physical_environment×div_8: ΔR²=0.0001, f²=0.0001, p=6.7313e-01
Interaction iv2_physical_environment×div_Unknown: ΔR²=0.0002, f²=0.0003, p=4.4624e-01
Interaction iv4_social_economic×mo1_genai_cap: ΔR²=0.0003, f²=0.0004, p=3.5911e-01
Interaction iv4_social_economic×mo2_robotics_cap: ΔR²=0.0005, f²=0.0006, p=2.5641e-01
Interaction iv4_social_economic×div_3: ΔR²=0.0009, f²=0.0010, p=1.3591e-01
Interaction iv4_social_economic×div_4: ΔR²=0.0012, f²=0.0013, p=9.1111e-02
Interaction iv4_social_economic×div_5: ΔR²=0.0000, f²=0.0000, p=9.7713e-01
Interaction iv4_social_economic×div_7: ΔR²=0.0054, f²=0.0063, p=2.7384e-04
