
================================================================================
 ANALYSIS STARTED: 2025-04-21 17:09:23
================================================================================

Connected to Postgres successfully.
Index-level data fetched from original version: shape = (3143, 12)
Index-level data fetched from improved version: shape = (3143, 12)
8 null in census_division, filling with 'Unknown'.
Created 9 division dummies from census_division
8 null in census_division, filling with 'Unknown'.
Created 9 division dummies from census_division

Diagnosing Index-Level (Original): shape=(3143, 21)
  county_fips: object, 0 nulls
  iv1_public_health_policy: int64, 0 nulls
  iv2_physical_environment: float64, 0 nulls
  iv3_health_behaviors: float64, 0 nulls
  iv4_social_economic: float64, 0 nulls
  mo1_genai_cap: float64, 0 nulls
  mo2_robotics_cap: float64, 0 nulls
  dv1_healthcare_access: float64, 0 nulls
  dv2_healthcare_quality: float64, 0 nulls
  dv3_operational_eff: float64, 1010 nulls
  population: object, 8 nulls
  census_division: object, 0 nulls
  div_2: int64, 0 nulls
  div_3: int64, 0 nulls
  div_4: int64, 0 nulls
  div_5: int64, 0 nulls
  div_6: int64, 0 nulls
  div_7: int64, 0 nulls
  div_8: int64, 0 nulls
  div_9: int64, 0 nulls
  div_Unknown: int64, 0 nulls

Diagnosing Index-Level (Improved): shape=(3143, 21)
  county_fips: object, 0 nulls
  iv1_public_health_policy: int64, 0 nulls
  iv2_physical_environment: float64, 0 nulls
  iv3_health_behaviors: float64, 0 nulls
  iv4_social_economic: float64, 0 nulls
  mo1_genai_cap: float64, 0 nulls
  mo2_robotics_cap: float64, 0 nulls
  dv1_healthcare_access: float64, 0 nulls
  dv2_healthcare_quality: float64, 0 nulls
  dv3_operational_eff: float64, 1010 nulls
  population: object, 8 nulls
  census_division: object, 0 nulls
  div_2: int64, 0 nulls
  div_3: int64, 0 nulls
  div_4: int64, 0 nulls
  div_5: int64, 0 nulls
  div_6: int64, 0 nulls
  div_7: int64, 0 nulls
  div_8: int64, 0 nulls
  div_9: int64, 0 nulls
  div_Unknown: int64, 0 nulls

--------------------------------------------------------------------------------
 PART A: INDEX-LEVEL MODELS - BOTH SCENARIOS (Original Data)
--------------------------------------------------------------------------------

..... Running scenario=original on original data. .....
Analyzing DV: dv1_healthcare_access under scenario=original...

--- Running original role-aware model for dv1_healthcare_access ---
IVs: ['iv1_public_health_policy', 'iv2_physical_environment', 'iv3_health_behaviors', 'iv4_social_economic']
MOs: ['mo1_genai_cap', 'mo2_robotics_cap']
Controls: ['population', 'div_2', 'div_3', 'div_4', 'div_5', 'div_6', 'div_7', 'div_8', 'div_9', 'div_Unknown']
Dropping 1 non-numeric columns from X.
Removing zero variance predictors: ['div_Unknown']
Control variables only: R² = 0.1826
Dropping 1 non-numeric columns from X.
Removing zero variance predictors: ['div_Unknown']
Cohen's f² for IV block: ((0.2637-0.1826) / (1-0.2637)) = 0.1101 => small
Controls + IVs: R² = 0.2637, ΔR² = 0.0811, f² = 0.1101 (small)
Dropping 1 non-numeric columns from X.
Removing zero variance predictors: ['div_Unknown']
Cohen's f² for MO block: ((0.2906-0.2637) / (1-0.2906)) = 0.0380 => small
Controls + IVs + MOs: R² = 0.2906, ΔR² = 0.0270, f² = 0.0380 (small)
Dropping 1 non-numeric columns from X.
Removing zero variance predictors: ['div_Unknown']
Cohen's f² for Interaction block: ((0.3007-0.2906) / (1-0.3007)) = 0.0144 => trivial
Full model with interactions: R² = 0.3007, ΔR² = 0.0101, f² = 0.0144 (trivial)
Usable observations for dv1_healthcare_access: 3143
Dropping 8 rows with NaN (3135 rows remaining).
Removing zero variance predictors: ['div_Unknown']
Dropping 8 rows with NaN (3135 rows remaining).
Removing zero variance predictors: ['div_Unknown']
Dropping 8 rows with NaN (3135 rows remaining).
Removing zero variance predictors: ['div_Unknown']
Cohen's f² for div_8: ((0.2968-0.2968) / (1-0.2968)) = 0.0000 => trivial
Removed div_8 (p=0.7750, f²=0.0000, trivial)
Dropping 8 rows with NaN (3135 rows remaining).
Removing zero variance predictors: ['div_Unknown']
Dropping 8 rows with NaN (3135 rows remaining).
Removing zero variance predictors: ['div_Unknown']
Cohen's f² for iv3_health_behaviors: ((0.2968-0.2968) / (1-0.2968)) = 0.0000 => trivial
Removed iv3_health_behaviors (p=0.7378, f²=0.0000, trivial)
Dropping 8 rows with NaN (3135 rows remaining).
Removing zero variance predictors: ['div_Unknown']
Dropping 8 rows with NaN (3135 rows remaining).
Removing zero variance predictors: ['div_Unknown']
Cohen's f² for iv1_public_health_policy: ((0.2968-0.2965) / (1-0.2968)) = 0.0004 => trivial
Removed iv1_public_health_policy (p=0.2793, f²=0.0004, trivial)
Dropping 8 rows with NaN (3135 rows remaining).
Removing zero variance predictors: ['div_Unknown']
Dropping 8 rows with NaN (3135 rows remaining).
Removing zero variance predictors: ['div_Unknown']
Cohen's f² for mo1_genai_cap: ((0.2965-0.2962) / (1-0.2965)) = 0.0004 => trivial
Removed mo1_genai_cap (p=0.2366, f²=0.0004, trivial)
Dropping 8 rows with NaN (3135 rows remaining).
Removing zero variance predictors: ['div_Unknown']
Dropping 8 rows with NaN (3135 rows remaining).
Removing zero variance predictors: ['div_Unknown']
Dropping 8 rows with NaN (3135 rows remaining).
Removing zero variance predictors: ['div_Unknown']
Cohen's f² for iv2_physical_environment: ((0.2962-0.2404) / (1-0.2962)) = 0.0792 => small
Dropping 8 rows with NaN (3135 rows remaining).
Removing zero variance predictors: ['div_Unknown']
Cohen's f² for iv4_social_economic: ((0.2962-0.2631) / (1-0.2962)) = 0.0470 => small
Dropping 8 rows with NaN (3135 rows remaining).
Removing zero variance predictors: ['div_Unknown']
Cohen's f² for mo2_robotics_cap: ((0.2962-0.2738) / (1-0.2962)) = 0.0318 => small
Cohen's f² for population: ((0.2962-0.2901) / (1-0.2962)) = 0.0087 => trivial
Dropping 8 rows with NaN (3135 rows remaining).
Removing zero variance predictors: ['div_Unknown']
Cohen's f² for div_2: ((0.2962-0.2943) / (1-0.2962)) = 0.0028 => trivial
Dropping 8 rows with NaN (3135 rows remaining).
Removing zero variance predictors: ['div_Unknown']
Cohen's f² for div_3: ((0.2962-0.2805) / (1-0.2962)) = 0.0224 => small
Dropping 8 rows with NaN (3135 rows remaining).
Removing zero variance predictors: ['div_Unknown']
Cohen's f² for div_4: ((0.2962-0.2901) / (1-0.2962)) = 0.0087 => trivial
Dropping 8 rows with NaN (3135 rows remaining).
Removing zero variance predictors: ['div_Unknown']
Cohen's f² for div_5: ((0.2962-0.2703) / (1-0.2962)) = 0.0368 => small
Dropping 8 rows with NaN (3135 rows remaining).
Removing zero variance predictors: ['div_Unknown']
Cohen's f² for div_6: ((0.2962-0.2884) / (1-0.2962)) = 0.0111 => trivial
Dropping 8 rows with NaN (3135 rows remaining).
Removing zero variance predictors: ['div_Unknown']
Cohen's f² for div_7: ((0.2962-0.2826) / (1-0.2962)) = 0.0193 => trivial
Dropping 8 rows with NaN (3135 rows remaining).
Removing zero variance predictors: ['div_Unknown']
Cohen's f² for div_9: ((0.2962-0.2942) / (1-0.2962)) = 0.0029 => trivial
Dropping 8 rows with NaN (3135 rows remaining).
Cohen's f² for div_Unknown: ((0.2962-0.2962) / (1-0.2962)) = 0.0000 => trivial
Stepwise final model for DV=dv1_healthcare_access => R²=0.2962 (initial=0.2968), Condition#=3412712.45293625
Kept predictors: ['iv2_physical_environment', 'iv4_social_economic', 'mo2_robotics_cap', 'population', 'div_2', 'div_3', 'div_4', 'div_5', 'div_6', 'div_7', 'div_9', 'div_Unknown']
Removed predictors: ['div_8', 'iv3_health_behaviors', 'iv1_public_health_policy', 'mo1_genai_cap']
Appended results to OLS_Coefficients_IndexLevel_original_original.csv for DV=dv1_healthcare_access_original_original.
Created OLS_Hierarchical_original_original.csv with coefficients for DV=dv1_healthcare_access_original_original_hierarchical.
Dropping 3135 rows with NaN (0 rows remaining).
Not enough observations (0) for 12 parameters.
Standardized model is None for dv1_healthcare_access_original_original. Exporting only unstandardized coefficients.
Appended results to OLS_Coefficients_IndexLevel_original_original_WithZ.csv for DV=dv1_healthcare_access_original_original.

Correlation matrix for DV=dv1_healthcare_access_original_original among final model columns:
                          iv2_physical_environment  iv4_social_economic  mo2_robotics_cap  population     div_2     div_3     div_4     div_5     div_6     div_7     div_9  div_Unknown  dv1_healthcare_access
iv2_physical_environment                  1.000000            -0.007559          0.139497    0.214688  0.074431  0.127688  0.161711  0.154380 -0.288545  0.249257 -0.104869          NaN               0.360085
iv4_social_economic                      -0.007559             1.000000         -0.124017   -0.133282 -0.086630  0.091943 -0.033956  0.165163 -0.111440 -0.041489 -0.035018          NaN               0.246873
mo2_robotics_cap                          0.139497            -0.124017          1.000000    0.224809  0.076529  0.032279  0.090471 -0.072070 -0.073690 -0.064100  0.058919          NaN              -0.178832
population                                0.214688            -0.133282          0.224809    1.000000  0.119025  0.011735  0.004438 -0.055559 -0.103268 -0.022032  0.152501          NaN              -0.112787
div_2                                     0.074431            -0.086630          0.076529    0.119025  1.000000 -0.107708 -0.090218 -0.081247 -0.111077 -0.094140 -0.053342          NaN              -0.044805
div_3                                     0.127688             0.091943          0.032279    0.011735 -0.107708  1.000000 -0.193372 -0.174143 -0.238082 -0.201778 -0.114333          NaN               0.119075
div_4                                     0.161711            -0.033956          0.090471    0.004438 -0.090218 -0.193372  1.000000 -0.145865 -0.199422 -0.169013 -0.095767          NaN               0.015135
div_5                                     0.154380             0.165163         -0.072070   -0.055559 -0.081247 -0.174143 -0.145865  1.000000 -0.179591 -0.152206 -0.086244          NaN               0.229861
div_6                                    -0.288545            -0.111440         -0.073690   -0.103268 -0.111077 -0.238082 -0.199422 -0.179591  1.000000 -0.208091 -0.117909          NaN              -0.106891
div_7                                     0.249257            -0.041489         -0.064100   -0.022032 -0.094140 -0.201778 -0.169013 -0.152206 -0.208091  1.000000 -0.099930          NaN               0.141906
div_9                                    -0.104869            -0.035018          0.058919    0.152501 -0.053342 -0.114333 -0.095767 -0.086244 -0.117909 -0.099930  1.000000          NaN              -0.208875
div_Unknown                                    NaN                  NaN               NaN         NaN       NaN       NaN       NaN       NaN       NaN       NaN       NaN          NaN                    NaN
dv1_healthcare_access                     0.360085             0.246873         -0.178832   -0.112787 -0.044805  0.119075  0.015135  0.229861 -0.106891  0.141906 -0.208875          NaN               1.000000
Correlation heatmap saved to corr_dv1_healthcare_access_original_original.png
Potential outliers in dv1_healthcare_access_original_original model (n=126):
 - Row index: 64, Studentized resid=2.90, Cook's=0.0023
 - Row index: 65, Studentized resid=2.66, Cook's=0.0020
 - Row index: 73, Studentized resid=1.16, Cook's=0.0017
 - Row index: 76, Studentized resid=-1.92, Cook's=0.0051
 - Row index: 84, Studentized resid=-1.98, Cook's=0.0054
 - Row index: 86, Studentized resid=1.53, Cook's=0.0031
 - Row index: 104, Studentized resid=0.94, Cook's=0.0048
 - Row index: 122, Studentized resid=2.84, Cook's=0.0020
 - Row index: 151, Studentized resid=4.05, Cook's=0.0032
 - Row index: 167, Studentized resid=2.92, Cook's=0.0017
 - Row index: 188, Studentized resid=-2.73, Cook's=0.0135
 - Row index: 197, Studentized resid=1.81, Cook's=0.0018
 - Row index: 205, Studentized resid=2.69, Cook's=0.2551
 - Row index: 218, Studentized resid=-1.49, Cook's=0.0023
 - Row index: 244, Studentized resid=1.70, Cook's=0.0017
 - Row index: 254, Studentized resid=-1.54, Cook's=0.0013
 - Row index: 265, Studentized resid=2.65, Cook's=0.0019
 - Row index: 343, Studentized resid=4.33, Cook's=0.0031
 - Row index: 363, Studentized resid=0.82, Cook's=0.0013
 - Row index: 393, Studentized resid=2.57, Cook's=0.0014
 - Row index: 400, Studentized resid=3.32, Cook's=0.0017
 - Row index: 437, Studentized resid=-3.07, Cook's=0.0022
 - Row index: 467, Studentized resid=4.19, Cook's=0.0034
 - Row index: 478, Studentized resid=3.10, Cook's=0.0023
 - Row index: 483, Studentized resid=4.20, Cook's=0.0040
 - Row index: 484, Studentized resid=3.52, Cook's=0.0029
 - Row index: 496, Studentized resid=4.24, Cook's=0.0043
 - Row index: 497, Studentized resid=2.99, Cook's=0.0046
 - Row index: 505, Studentized resid=-2.72, Cook's=0.0013
 - Row index: 518, Studentized resid=-2.46, Cook's=0.0032
 - Row index: 543, Studentized resid=2.80, Cook's=0.0014
 - Row index: 560, Studentized resid=-1.45, Cook's=0.0014
 - Row index: 588, Studentized resid=2.98, Cook's=0.0025
 - Row index: 604, Studentized resid=3.14, Cook's=0.0020
 - Row index: 611, Studentized resid=0.81, Cook's=0.0051
 - Row index: 635, Studentized resid=2.43, Cook's=0.0014
 - Row index: 639, Studentized resid=3.55, Cook's=0.0027
 - Row index: 753, Studentized resid=4.04, Cook's=0.0037
 - Row index: 766, Studentized resid=8.05, Cook's=0.0134
 - Row index: 778, Studentized resid=2.91, Cook's=0.0020
 - Row index: 901, Studentized resid=-2.44, Cook's=0.0028
 - Row index: 956, Studentized resid=-1.64, Cook's=0.0013
 - Row index: 958, Studentized resid=5.48, Cook's=0.0066
 - Row index: 1009, Studentized resid=2.74, Cook's=0.0018
 - Row index: 1016, Studentized resid=2.86, Cook's=0.0019
 - Row index: 1024, Studentized resid=2.87, Cook's=0.0022
 - Row index: 1067, Studentized resid=4.52, Cook's=0.0050
 - Row index: 1081, Studentized resid=3.48, Cook's=0.0030
 - Row index: 1088, Studentized resid=-2.14, Cook's=0.0025
 - Row index: 1092, Studentized resid=2.39, Cook's=0.0015
 - Row index: 1131, Studentized resid=2.90, Cook's=0.0016
 - Row index: 1135, Studentized resid=5.34, Cook's=0.0056
 - Row index: 1422, Studentized resid=3.41, Cook's=0.0035
 - Row index: 1429, Studentized resid=-3.13, Cook's=0.0056
 - Row index: 1440, Studentized resid=2.35, Cook's=0.0013
 - Row index: 1457, Studentized resid=3.12, Cook's=0.0024
 - Row index: 1466, Studentized resid=3.04, Cook's=0.0025
 - Row index: 1471, Studentized resid=2.55, Cook's=0.0016
 - Row index: 1482, Studentized resid=3.64, Cook's=0.0032
 - Row index: 1511, Studentized resid=6.30, Cook's=0.0073
 - Row index: 1513, Studentized resid=4.41, Cook's=0.0029
 - Row index: 1540, Studentized resid=5.35, Cook's=0.0069
 - Row index: 1543, Studentized resid=3.17, Cook's=0.0025
 - Row index: 1551, Studentized resid=3.52, Cook's=0.0024
 - Row index: 1555, Studentized resid=5.32, Cook's=0.0074
 - Row index: 1556, Studentized resid=2.12, Cook's=0.0013
 - Row index: 1561, Studentized resid=2.37, Cook's=0.0013
 - Row index: 1570, Studentized resid=3.25, Cook's=0.0023
 - Row index: 1625, Studentized resid=-1.68, Cook's=0.0023
 - Row index: 1689, Studentized resid=-1.61, Cook's=0.0014
 - Row index: 1693, Studentized resid=-2.59, Cook's=0.0020
 - Row index: 1754, Studentized resid=1.69, Cook's=0.0014
 - Row index: 1826, Studentized resid=3.63, Cook's=0.0040
 - Row index: 1852, Studentized resid=1.24, Cook's=0.0035
 - Row index: 1865, Studentized resid=3.59, Cook's=0.0079
 - Row index: 1887, Studentized resid=2.00, Cook's=0.0036
 - Row index: 1983, Studentized resid=3.87, Cook's=0.0025
 - Row index: 2101, Studentized resid=2.72, Cook's=0.0016
 - Row index: 2104, Studentized resid=3.67, Cook's=0.0030
 - Row index: 2134, Studentized resid=2.69, Cook's=0.0014
 - Row index: 2137, Studentized resid=-1.99, Cook's=0.0017
 - Row index: 2138, Studentized resid=1.90, Cook's=0.0015
 - Row index: 2146, Studentized resid=3.04, Cook's=0.0030
 - Row index: 2173, Studentized resid=6.32, Cook's=0.0075
 - Row index: 2185, Studentized resid=2.14, Cook's=0.0013
 - Row index: 2246, Studentized resid=-1.20, Cook's=0.0017
 - Row index: 2370, Studentized resid=-3.74, Cook's=0.0178
 - Row index: 2382, Studentized resid=1.71, Cook's=0.0015
 - Row index: 2397, Studentized resid=-2.20, Cook's=0.0025
 - Row index: 2409, Studentized resid=-2.05, Cook's=0.0015
 - Row index: 2422, Studentized resid=2.02, Cook's=0.0032
 - Row index: 2484, Studentized resid=3.18, Cook's=0.0025
 - Row index: 2509, Studentized resid=2.75, Cook's=0.0019
 - Row index: 2529, Studentized resid=-2.49, Cook's=0.0030
 - Row index: 2540, Studentized resid=-2.39, Cook's=0.0025
 - Row index: 2559, Studentized resid=3.38, Cook's=0.0024
 - Row index: 2582, Studentized resid=2.88, Cook's=0.0026
 - Row index: 2596, Studentized resid=4.08, Cook's=0.0034
 - Row index: 2606, Studentized resid=3.13, Cook's=0.0020
 - Row index: 2610, Studentized resid=-2.44, Cook's=0.0027
 - Row index: 2624, Studentized resid=0.60, Cook's=0.0023
 - Row index: 2650, Studentized resid=4.62, Cook's=0.0039
 - Row index: 2654, Studentized resid=-2.57, Cook's=0.0029
 - Row index: 2658, Studentized resid=-2.15, Cook's=0.0021
 - Row index: 2674, Studentized resid=-1.87, Cook's=0.0018
 - Row index: 2689, Studentized resid=6.98, Cook's=0.0100
 - Row index: 2696, Studentized resid=-1.71, Cook's=0.0015
 - Row index: 2708, Studentized resid=3.94, Cook's=0.0044
 - Row index: 2713, Studentized resid=2.85, Cook's=0.0015
 - Row index: 2720, Studentized resid=-2.11, Cook's=0.0024
 - Row index: 2721, Studentized resid=3.39, Cook's=0.0021
 - Row index: 2727, Studentized resid=5.96, Cook's=0.0074
 - Row index: 2734, Studentized resid=-2.11, Cook's=0.0014
 - Row index: 2745, Studentized resid=-2.26, Cook's=0.0024
 - Row index: 2757, Studentized resid=2.76, Cook's=0.0015
 - Row index: 2760, Studentized resid=2.27, Cook's=0.0013
 - Row index: 2768, Studentized resid=2.11, Cook's=0.0013
 - Row index: 2785, Studentized resid=2.70, Cook's=0.0019
 - Row index: 2789, Studentized resid=1.65, Cook's=0.0013
 - Row index: 2824, Studentized resid=2.95, Cook's=0.0015
 - Row index: 2889, Studentized resid=3.23, Cook's=0.0016
 - Row index: 2898, Studentized resid=3.26, Cook's=0.0018
 - Row index: 2936, Studentized resid=-2.35, Cook's=0.0018
 - Row index: 3015, Studentized resid=2.47, Cook's=0.0043
 - Row index: 3022, Studentized resid=4.46, Cook's=0.0049
 - Row index: 3047, Studentized resid=2.34, Cook's=0.0014
Enhanced partial regression plots saved to partial_regression_dv1_healthcare_access_original_original.png
Path diagram saved to SignificantPaths_dv1_healthcare_access_original_original.png
Analyzing DV: dv2_healthcare_quality under scenario=original...

--- Running original role-aware model for dv2_healthcare_quality ---
IVs: ['iv1_public_health_policy', 'iv2_physical_environment', 'iv3_health_behaviors', 'iv4_social_economic']
MOs: ['mo1_genai_cap', 'mo2_robotics_cap']
Controls: ['population', 'div_2', 'div_3', 'div_4', 'div_5', 'div_6', 'div_7', 'div_8', 'div_9', 'div_Unknown']
Dropping 1 non-numeric columns from X.
Removing zero variance predictors: ['div_Unknown']
Control variables only: R² = 0.1858
Dropping 1 non-numeric columns from X.
Removing zero variance predictors: ['div_Unknown']
Cohen's f² for IV block: ((0.6710-0.1858) / (1-0.6710)) = 1.4749 => large
Controls + IVs: R² = 0.6710, ΔR² = 0.4852, f² = 1.4749 (large)
Dropping 1 non-numeric columns from X.
Removing zero variance predictors: ['div_Unknown']
Cohen's f² for MO block: ((0.6815-0.6710) / (1-0.6815)) = 0.0329 => small
Controls + IVs + MOs: R² = 0.6815, ΔR² = 0.0105, f² = 0.0329 (small)
Dropping 1 non-numeric columns from X.
Removing zero variance predictors: ['div_Unknown']
Cohen's f² for Interaction block: ((0.6837-0.6815) / (1-0.6837)) = 0.0070 => trivial
Full model with interactions: R² = 0.6837, ΔR² = 0.0022, f² = 0.0070 (trivial)
Usable observations for dv2_healthcare_quality: 3143
Dropping 8 rows with NaN (3135 rows remaining).
Removing zero variance predictors: ['div_Unknown']
Dropping 8 rows with NaN (3135 rows remaining).
Removing zero variance predictors: ['div_Unknown']
Dropping 8 rows with NaN (3135 rows remaining).
Removing zero variance predictors: ['div_Unknown']
Cohen's f² for iv1_public_health_policy: ((0.6860-0.6859) / (1-0.6860)) = 0.0001 => trivial
Removed iv1_public_health_policy (p=0.5017, f²=0.0001, trivial)
Dropping 8 rows with NaN (3135 rows remaining).
Removing zero variance predictors: ['div_Unknown']
Dropping 8 rows with NaN (3135 rows remaining).
Removing zero variance predictors: ['div_Unknown']
Dropping 8 rows with NaN (3135 rows remaining).
Removing zero variance predictors: ['div_Unknown']
Cohen's f² for iv2_physical_environment: ((0.6859-0.6853) / (1-0.6859)) = 0.0018 => trivial
Dropping 8 rows with NaN (3135 rows remaining).
Removing zero variance predictors: ['div_Unknown']
Cohen's f² for iv3_health_behaviors: ((0.6859-0.5952) / (1-0.6859)) = 0.2887 => medium
Dropping 8 rows with NaN (3135 rows remaining).
Removing zero variance predictors: ['div_Unknown']
Cohen's f² for iv4_social_economic: ((0.6859-0.4095) / (1-0.6859)) = 0.8799 => large
Dropping 8 rows with NaN (3135 rows remaining).
Removing zero variance predictors: ['div_Unknown']
Cohen's f² for mo1_genai_cap: ((0.6859-0.6856) / (1-0.6859)) = 0.0011 => trivial
Dropping 8 rows with NaN (3135 rows remaining).
Removing zero variance predictors: ['div_Unknown']
Cohen's f² for mo2_robotics_cap: ((0.6859-0.6795) / (1-0.6859)) = 0.0203 => small
Cohen's f² for population: ((0.6859-0.6819) / (1-0.6859)) = 0.0127 => trivial
Dropping 8 rows with NaN (3135 rows remaining).
Removing zero variance predictors: ['div_Unknown']
Cohen's f² for div_2: ((0.6859-0.6845) / (1-0.6859)) = 0.0046 => trivial
Dropping 8 rows with NaN (3135 rows remaining).
Removing zero variance predictors: ['div_Unknown']
Cohen's f² for div_3: ((0.6859-0.6804) / (1-0.6859)) = 0.0176 => trivial
Dropping 8 rows with NaN (3135 rows remaining).
Removing zero variance predictors: ['div_Unknown']
Cohen's f² for div_4: ((0.6859-0.6838) / (1-0.6859)) = 0.0066 => trivial
Dropping 8 rows with NaN (3135 rows remaining).
Removing zero variance predictors: ['div_Unknown']
Cohen's f² for div_5: ((0.6859-0.6740) / (1-0.6859)) = 0.0378 => small
Dropping 8 rows with NaN (3135 rows remaining).
Removing zero variance predictors: ['div_Unknown']
Cohen's f² for div_6: ((0.6859-0.6844) / (1-0.6859)) = 0.0048 => trivial
Dropping 8 rows with NaN (3135 rows remaining).
Removing zero variance predictors: ['div_Unknown']
Cohen's f² for div_7: ((0.6859-0.6783) / (1-0.6859)) = 0.0243 => small
Dropping 8 rows with NaN (3135 rows remaining).
Removing zero variance predictors: ['div_Unknown']
Cohen's f² for div_8: ((0.6859-0.6843) / (1-0.6859)) = 0.0052 => trivial
Dropping 8 rows with NaN (3135 rows remaining).
Removing zero variance predictors: ['div_Unknown']
Cohen's f² for div_9: ((0.6859-0.6852) / (1-0.6859)) = 0.0023 => trivial
Dropping 8 rows with NaN (3135 rows remaining).
Cohen's f² for div_Unknown: ((0.6859-0.6859) / (1-0.6859)) = 0.0000 => trivial
Stepwise final model for DV=dv2_healthcare_quality => R²=0.6859 (initial=0.6860), Condition#=7771758.145407048
Kept predictors: ['iv2_physical_environment', 'iv3_health_behaviors', 'iv4_social_economic', 'mo1_genai_cap', 'mo2_robotics_cap', 'population', 'div_2', 'div_3', 'div_4', 'div_5', 'div_6', 'div_7', 'div_8', 'div_9', 'div_Unknown']
Removed predictors: ['iv1_public_health_policy']
Appended results to OLS_Coefficients_IndexLevel_original_original.csv for DV=dv2_healthcare_quality_original_original.
Appended results to OLS_Hierarchical_original_original.csv for DV=dv2_healthcare_quality_original_original_hierarchical.
Dropping 3135 rows with NaN (0 rows remaining).
Not enough observations (0) for 15 parameters.
Standardized model is None for dv2_healthcare_quality_original_original. Exporting only unstandardized coefficients.
Appended results to OLS_Coefficients_IndexLevel_original_original_WithZ.csv for DV=dv2_healthcare_quality_original_original.

Correlation matrix for DV=dv2_healthcare_quality_original_original among final model columns:
                          iv2_physical_environment  iv3_health_behaviors  iv4_social_economic  mo1_genai_cap  mo2_robotics_cap  population     div_2     div_3     div_4     div_5     div_6     div_7     div_8     div_9  div_Unknown  dv2_healthcare_quality
iv2_physical_environment                  1.000000              0.233610            -0.007559       0.047311          0.139497    0.214688  0.074431  0.127688  0.161711  0.154380 -0.288545  0.249257 -0.380970 -0.104869          NaN                0.159579
iv3_health_behaviors                      0.233610              1.000000             0.236788       0.000328          0.090942    0.124186 -0.070442  0.152580 -0.095837  0.133720 -0.123449  0.104085 -0.106093 -0.005896          NaN                0.511446
iv4_social_economic                      -0.007559              0.236788             1.000000      -0.067354         -0.124017   -0.133282 -0.086630  0.091943 -0.033956  0.165163 -0.111440 -0.041489  0.026388 -0.035018          NaN                0.698300
mo1_genai_cap                             0.047311              0.000328            -0.067354       1.000000          0.335234    0.123913  0.090865  0.006922  0.078923 -0.083002 -0.051443 -0.052470  0.043857 -0.012979          NaN               -0.116336
mo2_robotics_cap                          0.139497              0.090942            -0.124017       0.335234          1.000000    0.224809  0.076529  0.032279  0.090471 -0.072070 -0.073690 -0.064100  0.005798  0.058919          NaN               -0.164401
population                                0.214688              0.124186            -0.133282       0.123913          0.224809    1.000000  0.119025  0.011735  0.004438 -0.055559 -0.103268 -0.022032 -0.014683  0.152501          NaN               -0.137935
div_2                                     0.074431             -0.070442            -0.086630       0.090865          0.076529    0.119025  1.000000 -0.107708 -0.090218 -0.081247 -0.111077 -0.094140 -0.070340 -0.053342          NaN               -0.121095
div_3                                     0.127688              0.152580             0.091943       0.006922          0.032279    0.011735 -0.107708  1.000000 -0.193372 -0.174143 -0.238082 -0.201778 -0.150765 -0.114333          NaN                0.149978
div_4                                     0.161711             -0.095837            -0.033956       0.078923          0.090471    0.004438 -0.090218 -0.193372  1.000000 -0.145865 -0.199422 -0.169013 -0.126283 -0.095767          NaN               -0.105444
div_5                                     0.154380              0.133720             0.165163      -0.083002         -0.072070   -0.055559 -0.081247 -0.174143 -0.145865  1.000000 -0.179591 -0.152206 -0.113726 -0.086244          NaN                0.299078
div_6                                    -0.288545             -0.123449            -0.111440      -0.051443         -0.073690   -0.103268 -0.111077 -0.238082 -0.199422 -0.179591  1.000000 -0.208091 -0.155482 -0.117909          NaN               -0.188722
div_7                                     0.249257              0.104085            -0.041489      -0.052470         -0.064100   -0.022032 -0.094140 -0.201778 -0.169013 -0.152206 -0.208091  1.000000 -0.131773 -0.099930          NaN                0.117638
div_8                                    -0.380970             -0.106093             0.026388       0.043857          0.005798   -0.014683 -0.070340 -0.150765 -0.126283 -0.113726 -0.155482 -0.131773  1.000000 -0.074666          NaN               -0.081113
div_9                                    -0.104869             -0.005896            -0.035018      -0.012979          0.058919    0.152501 -0.053342 -0.114333 -0.095767 -0.086244 -0.117909 -0.099930 -0.074666  1.000000          NaN               -0.101140
div_Unknown                                    NaN                   NaN                  NaN            NaN               NaN         NaN       NaN       NaN       NaN       NaN       NaN       NaN       NaN       NaN          NaN                     NaN
dv2_healthcare_quality                    0.159579              0.511446             0.698300      -0.116336         -0.164401   -0.137935 -0.121095  0.149978 -0.105444  0.299078 -0.188722  0.117638 -0.081113 -0.101140          NaN                1.000000
Correlation heatmap saved to corr_dv2_healthcare_quality_original_original.png
Potential outliers in dv2_healthcare_quality_original_original model (n=139):
 - Row index: 70, Studentized resid=-4.63, Cook's=0.0628
 - Row index: 71, Studentized resid=8.39, Cook's=0.0713
 - Row index: 73, Studentized resid=-1.67, Cook's=0.0032
 - Row index: 75, Studentized resid=1.88, Cook's=0.0038
 - Row index: 76, Studentized resid=-1.54, Cook's=0.0027
 - Row index: 77, Studentized resid=1.54, Cook's=0.0020
 - Row index: 78, Studentized resid=4.71, Cook's=0.0247
 - Row index: 83, Studentized resid=-3.11, Cook's=0.0353
 - Row index: 84, Studentized resid=1.26, Cook's=0.0018
 - Row index: 86, Studentized resid=-2.78, Cook's=0.0152
 - Row index: 87, Studentized resid=-1.50, Cook's=0.0022
 - Row index: 88, Studentized resid=-3.92, Cook's=0.0303
 - Row index: 96, Studentized resid=-1.79, Cook's=0.0044
 - Row index: 97, Studentized resid=2.34, Cook's=0.0037
 - Row index: 100, Studentized resid=2.14, Cook's=0.0017
 - Row index: 103, Studentized resid=2.46, Cook's=0.0022
 - Row index: 104, Studentized resid=1.04, Cook's=0.0048
 - Row index: 106, Studentized resid=1.98, Cook's=0.0015
 - Row index: 188, Studentized resid=4.50, Cook's=0.0328
 - Row index: 205, Studentized resid=4.30, Cook's=0.5297
 - Row index: 216, Studentized resid=0.93, Cook's=0.0019
 - Row index: 219, Studentized resid=0.95, Cook's=0.0014
 - Row index: 222, Studentized resid=1.27, Cook's=0.0027
 - Row index: 232, Studentized resid=-2.00, Cook's=0.0020
 - Row index: 254, Studentized resid=3.70, Cook's=0.0065
 - Row index: 259, Studentized resid=-1.94, Cook's=0.0013
 - Row index: 261, Studentized resid=-1.68, Cook's=0.0015
 - Row index: 290, Studentized resid=2.23, Cook's=0.0013
 - Row index: 291, Studentized resid=-2.68, Cook's=0.0018
 - Row index: 294, Studentized resid=-2.05, Cook's=0.0021
 - Row index: 301, Studentized resid=-1.81, Cook's=0.0019
 - Row index: 320, Studentized resid=-2.25, Cook's=0.0013
 - Row index: 383, Studentized resid=3.15, Cook's=0.0012
 - Row index: 487, Studentized resid=4.21, Cook's=0.0026
 - Row index: 505, Studentized resid=4.31, Cook's=0.0031
 - Row index: 513, Studentized resid=1.44, Cook's=0.0018
 - Row index: 518, Studentized resid=3.47, Cook's=0.0054
 - Row index: 532, Studentized resid=2.18, Cook's=0.0015
 - Row index: 553, Studentized resid=-2.09, Cook's=0.0018
 - Row index: 564, Studentized resid=4.28, Cook's=0.0091
 - Row index: 597, Studentized resid=2.59, Cook's=0.0017
 - Row index: 611, Studentized resid=1.17, Cook's=0.0085
 - Row index: 912, Studentized resid=6.55, Cook's=0.0057
 - Row index: 924, Studentized resid=5.11, Cook's=0.0073
 - Row index: 936, Studentized resid=6.49, Cook's=0.0068
 - Row index: 939, Studentized resid=6.58, Cook's=0.0103
 - Row index: 982, Studentized resid=2.60, Cook's=0.0018
 - Row index: 1000, Studentized resid=2.65, Cook's=0.0016
 - Row index: 1006, Studentized resid=3.00, Cook's=0.0023
 - Row index: 1041, Studentized resid=2.71, Cook's=0.0016
 - Row index: 1088, Studentized resid=1.88, Cook's=0.0018
 - Row index: 1090, Studentized resid=3.64, Cook's=0.0038
 - Row index: 1091, Studentized resid=1.84, Cook's=0.0017
 - Row index: 1112, Studentized resid=2.67, Cook's=0.0021
 - Row index: 1120, Studentized resid=2.72, Cook's=0.0015
 - Row index: 1149, Studentized resid=-2.06, Cook's=0.0014
 - Row index: 1223, Studentized resid=0.91, Cook's=0.0014
 - Row index: 1358, Studentized resid=1.86, Cook's=0.0014
 - Row index: 1412, Studentized resid=3.35, Cook's=0.0028
 - Row index: 1429, Studentized resid=2.21, Cook's=0.0024
 - Row index: 1451, Studentized resid=2.43, Cook's=0.0014
 - Row index: 1473, Studentized resid=2.10, Cook's=0.0021
 - Row index: 1561, Studentized resid=3.04, Cook's=0.0027
 - Row index: 1598, Studentized resid=-1.72, Cook's=0.0018
 - Row index: 1600, Studentized resid=2.05, Cook's=0.0030
 - Row index: 1601, Studentized resid=3.21, Cook's=0.0033
 - Row index: 1611, Studentized resid=1.98, Cook's=0.0017
 - Row index: 1616, Studentized resid=2.63, Cook's=0.0026
 - Row index: 1617, Studentized resid=5.06, Cook's=0.0121
 - Row index: 1626, Studentized resid=-2.43, Cook's=0.0020
 - Row index: 1641, Studentized resid=6.25, Cook's=0.0241
 - Row index: 1642, Studentized resid=1.75, Cook's=0.0015
 - Row index: 1658, Studentized resid=-2.42, Cook's=0.0033
 - Row index: 1662, Studentized resid=4.09, Cook's=0.0053
 - Row index: 1686, Studentized resid=2.46, Cook's=0.0017
 - Row index: 1691, Studentized resid=4.43, Cook's=0.0055
 - Row index: 1717, Studentized resid=2.91, Cook's=0.0024
 - Row index: 1741, Studentized resid=4.57, Cook's=0.0110
 - Row index: 1753, Studentized resid=5.13, Cook's=0.0131
 - Row index: 1758, Studentized resid=4.23, Cook's=0.0049
 - Row index: 1797, Studentized resid=-2.23, Cook's=0.0019
 - Row index: 1813, Studentized resid=4.49, Cook's=0.0090
 - Row index: 1993, Studentized resid=4.87, Cook's=0.0312
 - Row index: 2014, Studentized resid=2.67, Cook's=0.0023
 - Row index: 2016, Studentized resid=-2.71, Cook's=0.0019
 - Row index: 2023, Studentized resid=3.34, Cook's=0.0034
 - Row index: 2032, Studentized resid=5.98, Cook's=0.0085
 - Row index: 2033, Studentized resid=4.22, Cook's=0.0155
 - Row index: 2160, Studentized resid=-2.58, Cook's=0.0031
 - Row index: 2178, Studentized resid=-2.47, Cook's=0.0021
 - Row index: 2243, Studentized resid=1.94, Cook's=0.0024
 - Row index: 2271, Studentized resid=2.23, Cook's=0.0024
 - Row index: 2333, Studentized resid=1.67, Cook's=0.0013
 - Row index: 2356, Studentized resid=-2.05, Cook's=0.0016
 - Row index: 2363, Studentized resid=2.79, Cook's=0.0025
 - Row index: 2365, Studentized resid=1.84, Cook's=0.0017
 - Row index: 2370, Studentized resid=6.68, Cook's=0.0645
 - Row index: 2372, Studentized resid=-5.63, Cook's=0.0099
 - Row index: 2377, Studentized resid=4.70, Cook's=0.0175
 - Row index: 2382, Studentized resid=4.51, Cook's=0.0271
 - Row index: 2389, Studentized resid=-2.84, Cook's=0.0021
 - Row index: 2393, Studentized resid=-5.30, Cook's=0.0086
 - Row index: 2396, Studentized resid=4.13, Cook's=0.0052
 - Row index: 2397, Studentized resid=1.76, Cook's=0.0020
 - Row index: 2404, Studentized resid=2.32, Cook's=0.0015
 - Row index: 2406, Studentized resid=2.61, Cook's=0.0019
 - Row index: 2409, Studentized resid=3.36, Cook's=0.0071
 - Row index: 2413, Studentized resid=3.65, Cook's=0.0268
 - Row index: 2422, Studentized resid=-0.86, Cook's=0.0027
 - Row index: 2428, Studentized resid=3.65, Cook's=0.0048
 - Row index: 2432, Studentized resid=-2.67, Cook's=0.0019
 - Row index: 2447, Studentized resid=-2.18, Cook's=0.0015
 - Row index: 2491, Studentized resid=-2.12, Cook's=0.0014
 - Row index: 2529, Studentized resid=3.72, Cook's=0.0055
 - Row index: 2546, Studentized resid=-2.35, Cook's=0.0016
 - Row index: 2587, Studentized resid=-1.25, Cook's=0.0016
 - Row index: 2592, Studentized resid=2.88, Cook's=0.0026
 - Row index: 2601, Studentized resid=3.39, Cook's=0.0043
 - Row index: 2624, Studentized resid=0.93, Cook's=0.0043
 - Row index: 2641, Studentized resid=2.89, Cook's=0.0029
 - Row index: 2645, Studentized resid=3.41, Cook's=0.0049
 - Row index: 2687, Studentized resid=2.05, Cook's=0.0014
 - Row index: 2696, Studentized resid=4.03, Cook's=0.0068
 - Row index: 2703, Studentized resid=1.83, Cook's=0.0015
 - Row index: 2717, Studentized resid=2.79, Cook's=0.0014
 - Row index: 2739, Studentized resid=-2.45, Cook's=0.0021
 - Row index: 2745, Studentized resid=-2.84, Cook's=0.0037
 - Row index: 2747, Studentized resid=-3.21, Cook's=0.0041
 - Row index: 2865, Studentized resid=2.82, Cook's=0.0034
 - Row index: 2924, Studentized resid=3.29, Cook's=0.0017
 - Row index: 2929, Studentized resid=3.42, Cook's=0.0017
 - Row index: 2931, Studentized resid=-1.52, Cook's=0.0015
 - Row index: 2965, Studentized resid=4.43, Cook's=0.0123
 - Row index: 3015, Studentized resid=2.31, Cook's=0.0035
 - Row index: 3016, Studentized resid=1.57, Cook's=0.0015
 - Row index: 3022, Studentized resid=3.23, Cook's=0.0026
 - Row index: 3028, Studentized resid=-2.09, Cook's=0.0014
 - Row index: 3087, Studentized resid=2.67, Cook's=0.0030
 - Row index: 3088, Studentized resid=-1.83, Cook's=0.0017
Enhanced partial regression plots saved to partial_regression_dv2_healthcare_quality_original_original.png
Path diagram saved to SignificantPaths_dv2_healthcare_quality_original_original.png
Analyzing DV: dv3_operational_eff under scenario=original...

--- Running original role-aware model for dv3_operational_eff ---
IVs: ['iv1_public_health_policy', 'iv2_physical_environment', 'iv3_health_behaviors', 'iv4_social_economic']
MOs: ['mo1_genai_cap', 'mo2_robotics_cap']
Controls: ['population', 'div_2', 'div_3', 'div_4', 'div_5', 'div_6', 'div_7', 'div_8', 'div_9', 'div_Unknown']
Dropping 1 non-numeric columns from X.
Removing zero variance predictors: ['div_Unknown']
Control variables only: R² = 0.0780
Dropping 1 non-numeric columns from X.
Removing zero variance predictors: ['div_Unknown']
Cohen's f² for IV block: ((0.1097-0.0780) / (1-0.1097)) = 0.0356 => small
Controls + IVs: R² = 0.1097, ΔR² = 0.0317, f² = 0.0356 (small)
Dropping 1 non-numeric columns from X.
Removing zero variance predictors: ['div_Unknown']
Cohen's f² for MO block: ((0.1258-0.1097) / (1-0.1258)) = 0.0184 => trivial
Controls + IVs + MOs: R² = 0.1258, ΔR² = 0.0161, f² = 0.0184 (trivial)
Dropping 1 non-numeric columns from X.
Removing zero variance predictors: ['div_Unknown']
Cohen's f² for Interaction block: ((0.1374-0.1258) / (1-0.1374)) = 0.0135 => trivial
Full model with interactions: R² = 0.1374, ΔR² = 0.0116, f² = 0.0135 (trivial)
Usable observations for dv3_operational_eff: 2133
Dropping 1017 rows with NaN (2126 rows remaining).
Removing zero variance predictors: ['div_Unknown']
Dropping 1017 rows with NaN (2126 rows remaining).
Removing zero variance predictors: ['div_Unknown']
Dropping 1017 rows with NaN (2126 rows remaining).
Removing zero variance predictors: ['div_Unknown']
Cohen's f² for iv3_health_behaviors: ((0.1259-0.1259) / (1-0.1259)) = 0.0000 => trivial
Removed iv3_health_behaviors (p=0.9646, f²=0.0000, trivial)
Dropping 1017 rows with NaN (2126 rows remaining).
Removing zero variance predictors: ['div_Unknown']
Dropping 1017 rows with NaN (2126 rows remaining).
Removing zero variance predictors: ['div_Unknown']
Cohen's f² for div_2: ((0.1259-0.1259) / (1-0.1259)) = 0.0000 => trivial
Removed div_2 (p=0.8693, f²=0.0000, trivial)
Dropping 1017 rows with NaN (2126 rows remaining).
Removing zero variance predictors: ['div_Unknown']
Dropping 1010 rows with NaN (2133 rows remaining).
Cohen's f² for population: ((0.1259-0.1265) / (1-0.1259)) = -0.0007 => trivial
Removed population (p=0.7055, f²=-0.0007, trivial)
Dropping 1010 rows with NaN (2133 rows remaining).
Dropping 1010 rows with NaN (2133 rows remaining).
Cohen's f² for iv1_public_health_policy: ((0.1265-0.1263) / (1-0.1265)) = 0.0002 => trivial
Removed iv1_public_health_policy (p=0.5611, f²=0.0002, trivial)
Dropping 1010 rows with NaN (2133 rows remaining).
Dropping 1010 rows with NaN (2133 rows remaining).
Cohen's f² for div_9: ((0.1263-0.1261) / (1-0.1263)) = 0.0003 => trivial
Removed div_9 (p=0.4458, f²=0.0003, trivial)
Dropping 1010 rows with NaN (2133 rows remaining).
